-2065825694
-2065825420
-2065825379
-2065825371
-2065825068
-2065825030
-2065825014
-2065824977
-2065824841
-2065824503
-2065824474
-2065824435
-2065824425
-2065824076
-2065823903
-2065823733
-2065823469
-2065823438
-2065823420
-2065823383
-2065823373
-2065823201
-2065822968
-2065822626
-2065822594
-2065822581
-2065822576
-2065822407
-2065822272
-2065822058
-2065821883
-2065821662
-2065821405
-2065821375
-2065821359
-2065821319
-2065821311
-2065821271
-2065821257
-2065821219
-2065821205
-2065821079
-2065820920
-2065820759
-2065820548
-2065820302
-2065820272
-2065820255
-2065820214
-2065820180
-2065820172
-2065819946
-2065819759
-2065819635
-2065819564
-2065819461
-2065819368
-2065819285
-2065819274
-2065819212
-2065819101
-2065818830
-2065818795
-2065818783
-2065818747
-2065818705
-2065818380
-2065818342
-2065818329
-2065818295
-2065818288
-2065818246
-2065818067
-2065818050
-2065817805
-2065817628
-2065817498
-2065817281
-2065816830
-2065816769
-2065816754
-2065816749
-2065816710
-2065816456
-2065816423
-2065816402
-2065816398
-2065816361
-2065816164
-2065815985
-2065815959
-2065815943
-2065815934
-2065815899
-2065815803
-2065815726
-2065815522
-2065815256
-2065815083
-2065815000
-2065814928
-2065814908
-2065814821
-2065814749
-2065814629
-2065814537
-2065814499
-2065814487
-2065814211
-2065814028
-2065813780
-2065813747
-2065813731
-2065813722
-2065813665
-2065813578
-2065813501
-2065813462
-2065813427
-2065813417
-2065813378
-2065813370
-2065813307
-2065813207
-2065813138
-2065812949
-2065812766
-2065812258
-2065812237
-2065812227
-2065812203
-2065812162
-2065812160
-2065812088
-2065812042
-2065811871
-2065811834
-2065811820
-2065811783
-2065811736
-2065811603
-2065811442
-2065811436
-2065811421
-2065811386
-2065811379
-2065811365
-2065811356
-2065811347
-2065811341
-2065811291
-2065811262
-2065811208
-2065811200
-2065811153
-2065811143
-2065811108
-2065811099
-2065811085
-2065811041
-2065811039
-2065811024
-2065811002
-2065810984
-2065810973
-2065810964
-2065810953
-2065810900
-2065810849
-2065810804
-2065810739
-2065810701
-2065810655
-2065810592
-2065810554
-2065810521
-2065810482
-2065810433
-2065810152
-2065810114
-2065810100
-2065810096
-2065810050
-2065810041
-2065810004
-2065809995
-2065809982
-2065809941
-2065809936
-2065809909
-2065809896
-2065809888
-2065809873
-2065809842
-2065809816
-2065809777
-2065809748
-2065809736
-2065809725
-2065809706
-2065809686
-2065809678
-2065809661
-2065809630
-2065809618
-2065809593
-2065809588
-2065809569
-2065809568
-2065809526
-2065809505
-2065809500
-2065809400
-2065809370
-2065809329
-2065809318
-2065809305
-2065809288
-2065809267
-2065809252
-2065809239
-2065809227
-2065809205
-2065809186
-2065809180
-2065809159
-2065809137
-2065809125
-2065809112
-2065809093
-2065809084
-2065809067
-2065809046
-2065809033
-2065808981
-2065808942
-2065808908
-2065808838
-2065808832
-2065808817
-2065808811
-2065808799
-2065808786
-2065808728
-2065808708
-2065808664
-2065808352
-2065808294
-2065808228
-2065808214
-2065808199
-2065808146
-2065808143
-2065808122
-2065808109
-2065808095
-2065808058
-2065808052
-2065808046
-2065808025
-2065808010
-2065808002
-2065807999
-2065807991
-2065807984
-2065807976
-2065807957
-2065807951
-2065807931
-2065807910
-2065807893
-2065807887
-2065807876
-2065807857
-2065807777
-2065807773
-2065807705
-2065807693
-2065807687
-2065807664
-2065807651
-2065807621
-2065807605
-2065807599
-2065807556
-2065807547
-2065807534
-2065807489
-2065807474
-2065807463
-2065807442
-2065807430
-2065807424
-2065807402
-2065807292
-2065807081
-2065806974
-2065806787
-2065806689
-2065806677
-2065806631
-2065806544
-2065806497
-2065806311
-2065806273
-2065806250
-2065806229
-2065806220
-2065806212
-2065806206
-2065806170
-2065806137
-2065806102
-2065806096
-2065806055
-2065806042
-2065806008
-2065805994
-2065805982
-2065805965
-2065805947
-2065805922
-2065805905
-2065805902
-2065805892
-2065805835
-2065805823
-2065805568
-2065805536
-2065805519
-2065805479
-2065805471
-2065805437
-2065805431
-2065805406
-2065805362
-2065805337
-2065805088
-2065805045
-2065805029
-2065805022
-2065804988
-2065804945
-2065804943
-2065804846
-2065804589
-2065804316
-2065804278
-2065804023
-2065803992
-2065803974
-2065803940
-2065803929
-2065803890
-2065803885
-2065803814
-2065803757
-2065803634
-2065803599
-2065803555
-2065803519
-2065803177
-2065802901
-2065802871
-2065802854
-2065802819
-2065802812
-2065802769
-2065802726
-2065802719
-2065802677
-2065802643
-2065802636
-2065802593
-2065802586
-2065802552
-2065802396
-2065802181
-2065801929
-2065801873
-2065801861
-2065801825
-2065801823
-2065801781
-2065801774
-2065801566
-2065801399
-2065801296
-2065801194
-2065801160
-2065801138
-2065801136
-2065801093
-2065801060
-2065800940
-2065800574
-2065800119
-2065799942
-2065799695
-2065799654
-2065799245
-2065799215
-2065799194
-2065799119
-2065798993
-2065798937
-2065798923
-2065798752
-2065798488
-2065798459
-2065798443
-2065798401
-2065798342
-2065798264
-2065798192
-2065798169
-2065798066
-2065797965
-2065797955
-2065797689
-2065797555
-2065797305
-2065797274
-2065797258
-2065797223
-2065797215
-2065797173
-2065797166
-2065797076
-2065796997
-2065796705
-2065796679
-2065796658
-2065796653
-2065796619
-2065796568
-2065796493
-2065796483
-2065796334
-2065796179
-2065796092
-2065795849
-2065795698
-2065795556
-2065795552
-2065795515
-2065795473
-2065795471
-2065795311
-2065794739
-2065794712
-2065794696
-2065794685
-2065794651
-2065794550
-2065794366
-2065794097
-2065793939
-2065793933
-2065793892
-2065793882
-2065793848
-2065793838
-2065793777
-2065793696
-2065793595
-2065793406
-2065793193
-2065793023
-2065792973
-2065792961
-2065792926
-2065792919
-2065792911
-2065792895
-2065792873
-2065792864
-2065792846
-2065792741
-2065792646
-2065792634
-2065792622
-2065792602
-2065792590
-2065792569
-2065792532
-2065792517
-2065792481
-2065792471
-2065792459
-2065792403
-2065792359
-2065792349
-2065792314
-2065792286
-2065792266
-2065792237
-2065792191
-2065792125
-2065792089
-2065792042
-2065792035
-2065792029
-2065792021
-2065792010
-2065791724
-2065791656
-2065791606
-2065791593
-2065791579
-2065791561
-2065791522
-2065791512
-2065791484
-2065791471
-2065791451
-2065791440
-2065791417
-2065790625
-2065790617
-2065790597
-2065790590
-2065790556
-2065790539
-2065790523
-2065790515
-2065790509
-2065790499
-2065790468
-2065790358
-2065790352
-2065790331
-2065790104
-2065790065
-2065790046
-2065790033
-2065789819
-2065789778
-2065789746
-2065789730
-2065789692
-2065789599
-2065789576
-2065789553
-2065789541
-2065789528
-2065789475
-2065789454
-2065789448
-2065789425
-2065789361
-2065789359
-2065789351
-2065789298
-2065789274
-2065789266
-2065789221
-2065789208
-2065788927
-2065788916
-2065788883
-2065788873
-2065788857
-2065788841
-2065788832
-2065788817
-2065788809
-2065788757
-2065788737
-2065788709
-2065788671
-2065788663
-2065788614
-2065788599
-2065788588
-2065788572
-2065788516
-2065788504
-2065788489
-2065788401
-2065788385
-2065788375
-2065788357
-2065788345
-2065788336
-2065788289
-2065788280
-2065788258
-2065788245
-2065788236
-2065788223
-2065788178
-2065788172
-2065788131
-2065788117
-2065788101
-2065788089
-2065788079
-2065788061
-2065788042
-2065788032
-2065788013
-2065787994
-2065787974
-2065787961
-2065787956
-2065787950
-2065787929
-2065787909
-2065787897
-2065787888
-2065787879
-2065787871
-2065787854
-2065787847
-2065787809
-2065787796
-2065787787
-2065787776
-2065787762
-2065787729
-2065787718
-2065787700
-2065787673
-2065787634
-2065787617
-2065787615
-2065787599
-2065787560
-2065787543
-2065787525
-2065787515
-2065787495
-2065787332
-2065787320
-2065787309
-2065787300
-2065787292
-2065787280
-2065787263
-2065787221
-2065787207
-2065787199
-2065787178
-2065787161
-2065787132
-2065787093
-2065787067
-2065787028
-2065787018
-2065786986
-2065786946
-2065786942
-2065786927
-2065786906
-2065786886
-2065786879
-2065786837
-2065786830
-2065786785
-2065786770
-2065786757
-2065786741
-2065786735
-2065786718
-2065786680
-2065786667
-2065786628
-2065786620
-2065786577
-2065786569
-2065786535
-2065786527
-2065786485
-2065786455
-2065786423
-2065786391
-2065786355
-2065786344
-2065786330
-2065786291
-2065786277
-2065786271
-2065786230
-2065786223
-2065786187
-2065786151
-2065786141
-2065786097
-2065786067
-2065786057
-2065786022
-2065786010
-2065786000
-2065785957
-2065785951
-2065785934
-2065785891
-2065785874
-2065785868
-2065785841
-2065785826
-2065785813
-2065785803
-2065785766
-2065785733
-2065785699
-2065785689
-2065785677
-2065785635
-2065785623
-2065785605
-2065785590
-2065785577
-2065785565
-2065785524
-2065785511
-2065785499
-2065785487
-2065785469
-2065785427
-2065785415
-2065785399
-2065785381
-2065785367
-2065785346
-2065785335
-2065785300
-2065785293
-2065785258
-2065785217
-2065785211
-2065785169
-2065785163
-2065785146
-2065785112
-2065785094
-2065785082
-2065785041
-2065785029
-2065785023
-2065784977
-2065784975
-2065784933
-2065784928
-2065784887
-2065784873
-2065784862
-2065784829
-2065784795
-2065784756
-2065784745
-2065784706
-2065784703
-2065784663
-2065784650
-2065784610
-2065784601
-2065784561
-2065784556
-2065784516
-2065784507
-2065784467
-2065784454
-2065784446
-2065784405
-2065784397
-2065784360
-2065784352
-2065784308
-2065784295
-2065784286
-2065784249
-2065784216
-2065784179
-2065784170
-2065784133
-2065784097
-2065784090
-2065784055
-2065784048
-2065784008
-2065783999
-2065783959
-2065783951
-2065783906
-2065783898
-2065783857
-2065783849
-2065783815
-2065783802
-2065783792
-2065783760
-2065783718
-2065783684
-2065783674
-2065783635
-2065783624
-2065783587
-2065783579
-2065783540
-2065783528
-2065783518
-2065783479
-2065783469
-2065783436
-2065783393
-2065783385
-2065783353
-2065783322
-2065783287
-2065783279
-2065783234
-2065783226
-2065783191
-2065783184
-2065783141
-2065783132
-2065783119
-2065783102
-2065783057
-2065783048
-2065783035
-2065783018
-2065783005
-2065782963
-2065782945
-2065782935
-2065782917
-2065782907
-2065782889
-2065782879
-2065782861
-2065782820
-2065782805
-2065782793
-2065782758
-2065782722
-2065782719
-2065782683
-2065782644
-2065782635
-2065782618
-2065782580
-2065782566
-2065782557
-2065782519
-2065782483
-2065782474
-2065782439
-2065782431
-2065782387
-2065782375
-2065782363
-2065782351
-2065782334
-2065782289
-2065782280
-2065782272
-2065782232
-2065782199
-2065782186
-2065782154
-2065782097
-2065782089
-2065782052
-2065782032
-2065782000
-2065781961
-2065781926
-2065781895
-2065781858
-2065781850
-2065781813
-2065781805
-2065781767
-2065781752
-2065781744
-2065781704
-2065781696
-2065781660
-2065781623
-2065781588
-2065781581
-2065781552
-2065781507
-2065781479
-2065781445
-2065781440
-2065781400
-2065781361
-2065781332
-2065781319
-2065781304
-2065781288
-2065781274
-2065781243
-2065781207
-2065781172
-2065781158
-2065781124
-2065781114
-2065781079
-2065781072
-2065781030
-2065780996
-2065780986
-2065780952
-2065780941
-2065780902
-2065780867
-2065780860
-2065780817
-2065780810
-2065780775
-2065780768
-2065780705
-2065780703
-2065780664
-2065780654
-2065780619
-2065780583
-2065780547
-2065780538
-2065780499
-2065780467
-2065780461
-2065780432
-2065780394
-2065780363
-2065780327
-2065780318
-2065780284
-2065780247
-2065780237
-2065780214
-2065780180
-2065780175
-2065780133
-2065780100
-2065780090
-2065780052
-2065780037
-2065780031
-2065779988
-2065779974
-2065779967
-2065779921
-2065779910
-2065779898
-2065779885
-2065779841
-2065779832
-2065779820
-2065779807
-2065779765
-2065779758
-2065779724
-2065779702
-2065779678
-2065779618
-2065779585
-2065779581
-2065779523
-2065779491
-2065779488
-2065779449
-2065779413
-2065779379
-2065779369
-2065779339
-2065779321
-2065779291
-2065779255
-2065779241
-2065779201
-2065779169
-2065779159
-2065779146
-2065779134
-2065779099
-2065779071
-2065779027
-2065779020
-2065778982
-2065778952
-2065778915
-2065778910
-2065778870
-2065778860
-2065778846
-2065778803
-2065778790
-2065778777
-2065778764
-2065778746
-2065778706
-2065778687
-2065778679
-2065778668
-2065778645
-2065778639
-2065778625
-2065778608
-2065778567
-2065778519
-2065778404
-2065778289
-2065778283
-2065778253
-2065778201
-2065778174
-2065778168
-2065778150
-2065778131
-2065778113
-2065778099
-2065777918
-2065777878
-2065777870
-2065777858
-2065777850
-2065777830
-2065777822
-2065777810
-2065777802
-2065777782
-2065777774
-2065777762
-2065777754
-2065777743
-2065777730
-2065777727
-2065777719
-2065777711
-2065777703
-2065777695
-2065777687
-2065777679
-2065777671
-2065777650
-2065777638
-2065777604
-2065777595
-2065777582
-2065777538
-2065777532
-2065777491
-2065777482
-2065777451
-2065777410
-2065777406
-2065777370
-2065777333
-2065777324
-2065777306
-2065777293
-2065777251
-2065777239
-2065777222
-2065777185
-2065777183
-2065777149
-2065777134
-2065777086
-2065777046
-2065777034
-2065777023
-2065776980
-2065776975
-2065776920
-2065776866
-2065776861
-2065776807
-2065776741
-2065776692
-2065776668
-2065776650
-2065776644
-2065776133
-2065775578
-2065775548
-2065775511
-2065775487
-2065775461
-2065775456
-2065775442
-2065775435
-2065775410
-2065775396
-2065775380
-2065775373
-2065775318
-2065775295
-2065775243
-2065775212
-2065775155
-2065775140
-2065775114
-2065775081
-2065775031
-2065775018
-2065775011
-2065774992
-2065774969
-2065774946
-2065774930
-2065774915
-2065774904
-2065774891
-2065774874
-2065774833
-2065774808
-2065774776
-2065774754
-2065774737
-2065774736
-2065774714
-2065774698
-2065774681
-2065774668
-2065774616
-2065762297
-2065762279
-2065762220
-2065762199
-2065762179
-2065762157
-2065762146
-2065762104
-2065761755
-2065761740
-2065761727
-2065761684
-2065761672
-2065761635
-2065761622
-2065761611
-2065761597
-2065761583
-2065761540
-2065761525
-2065761510
-2065761474
-2065761465
-2065761436
-2065761417
-2065761407
-2065761356
-2065761323
-2065761298
-2065760147
-2065759991
-2065759983
-2065759965
-2065759960
-2065759942
-2065759923
-2065759783
-2065759753
-2065759716
-2065759703
-2065759692
-2065759655
-2065759645
-2065759612
-2065759599
-2065759582
-2065759538
-2065759528
-2065759515
-2065759499
-2065759380
-2065759246
-2065759222
-2065759202
-2065759138
-2065759130
-2065759057
-2065759016
-2065758966
-2065758921
-2065758876
-2065758822
-2065758782
-2065758685
-2065758612
-2065758508
-2065758461
-2065758363
-2065758328
-2065758299
-2065758280
-2065758272
-2065758260
-2065758249
-2065758232
-2065758218
-2065758212
-2065757134
-2065757096
-2065757088
-2065757072
-2065757064
-2065757053
-2065757048
-2065757036
-2065757024
-2065757015
-2065757006
-2065756997
-2065756987
-2065756971
-2065756952
-2065756936
-2065756928
-2065756913
-2065756901
-2065756842
-2065756831
-2065756791
-2065756778
-2065756744
-2065756736
-2065756693
-2065756688
-2065756635
-2065756610
-2065756583
-2065756553
-2065756503
-2065756475
-2065756412
-2065756346
-2065756302
-2065756295
-2065756256
-2065756241
-2065756205
-2065756194
-2065756188
-2065756165
-2065743830
-2065743806
-2065743747
-2065743713
-2065743689
-2065743664
-2065743601
-2065743554
-2065743535
-2065743473
-2065743455
-2065743407
-2065743291
-2065743208
-2065743121
-2065743070
-2065742993
-2065742966
-2065742944
-2065742887
-2065742861
-2065742773
-2065742691
-2065742633
-2065742551
-2065742493
-2065742411
-2065742331
-2065742301
-2065742241
-2065742195
-2065742165
-2065742140
-2065742085
-2065742058
-2065742003
-2065741976
-2065741951
-2065741889
-2065741839
-2065741811
-2065741790
-2065741741
-2065741696
-2065741647
-2065741594
-2065741545
-2065741500
-2065741448
-2065741420
-2065741389
-2065741335
-2065741296
-2065741227
-2065741182
-2065741116
-2065741070
-2065741019
-2065740963
-2065740940
-2065740881
-2065740836
-2065740721
-2065740643
-2065740589
-2065740511
-2065740425
-2065740381
-2065740298
-2065740276
-2065740270
-2065740237
-2065740154
-2065740075
-2065739992
-2065739905
-2065739854
-2065739783
-2065739752
-2065739706
-2065739636
-2065739590
-2065739552
-2065739474
-2065739436
-2065739390
-2065739320
-2065739274
-2065739230
-2065739160
-2065739114
-2065739044
-2065738998
-2065738960
-2065738882
-2065738844
-2065738798
-2065738711
-2065738657
-2065738617
-2065738548
-2065738481
-2065738446
-2065738378
-2065738306
-2065738265
-2065738180
-2065738134
-2065738096
-2065738018
-2065738000
-2065737944
-2065737918
-2065737868
-2065737810
-2065737791
-2065737736
-2065737700
-2065737654
-2065737616
-2065737538
-2065737500
-2065737454
-2065737384
-2065737338
-2065737268
-2065737222
-2065737178
-2065737108
-2065737062
-2065737024
-2065736946
-2065736908
-2065736862
-2065736792
-2065736746
-2065736674
-2065736636
-2065736590
-2065736520
-2065736474
-2065736404
-2065736358
-2065736320
-2065736242
-2065736204
-2065736160
-2065736082
-2065736044
-2065735998
-2065735928
-2065735882
-2065735812
-2065735766
-2065735728
-2065735666
-2065735643
-2065735615
-2065735555
-2065735521
-2065735492
-2065735487
-2065735425
-2065735379
-2065735360
-2065735322
-2065735293
-2065735237
-2065735211
-2065735140
-2065735109
-2065735081
-2065735053
-2065734996
-2065734968
-2065734937
-2065734909
-2065734855
-2065734823
-2065734791
-2065734762
-2065734708
-2065734680
-2065734653
-2065734606
-2065734558
-2065734484
-2065734433
-2065734400
-2065734326
-2065734257
-2065734220
-2065734151
-2065734132
-2065734103
-2065734078
-2065734021
-2065733999
-2065733931
-2065733859
-2065733834
-2065733783
-2065733757
-2065733708
-2065733650
-2065733620
-2065733594
-2065733544
-2065733518
-2065733468
-2065733410
-2065733392
-2065733334
-2065733310
-2065733257
-2065733208
-2065733181
-2065733132
-2065733118
-2065733068
-2065733012
-2065732986
-2065732936
-2065732910
-2065732860
-2065732804
-2065732778
-2065732728
-2065732702
-2065732652
-2065732591
-2065732534
-2065732481
-2065732463
-2065732405
-2065732381
-2065732328
-2065732281
-2065732237
-2065732183
-2065732155
-2065732128
-2065732055
-2065732032
-2065731979
-2065731922
-2065731903
-2065731845
-2065731795
-2065731769
-2065731719
-2065731693
-2065731643
-2065731585
-2065731569
-2065731525
-2065731477
-2065731432
-2065731422
-2065731331
-2065731296
-2065731241
-2065731195
-2065731139
-2065731118
-2065731026
-2065730984
-2065730939
-2065730886
-2065730840
-2065730796
-2065730748
-2065730699
-2065730665
-2065730639
-2065730606
-2065730544
-2065730486
-2065730462
-2065730412
-2065730354
-2065730336
-2065730280
-2065730254
-2065730204
-2065730146
-2065730122
-2065730072
-2065730048
-2065730000
-2065729941
-2065729891
-2065729869
-2065729818
-2065729769
-2065729724
-2065729670
-2065729620
-2065729594
-2065729538
-2065729489
-2065729462
-2065729417
-2065729372
-2065729318
-2065729279
-2065729232
-2065729184
-2065729133
-2065729082
-2065729030
-2065729010
-2065728965
-2065728921
-2065728873
-2065728828
-2065728756
-2065728712
-2065728667
-2065728623
-2065728575
-2065728522
-2065728451
-2065728430
-2065728384
-2065728311
-2065728262
-2065728220
-2065728175
-2065728122
-2065728076
-2065728003
-2065727982
-2065727926
-2065727902
-2065727846
-2065727824
-2065727772
-2065727714
-2065727690
-2065727636
-2065727595
-2065727546
-2065727504
-2065727459
-2065727429
-2065727402
-2065727372
-2065727339
-2065727307
-2065727276
-2065727242
-2065727194
-2065727146
-2065727098
-2065727050
-2065727002
-2065726957
-2065726876
-2065726791
-2065726734
-2065726649
-2065726568
-2065726483
-2065726427
-2065726380
-2065726329
-2065726282
-2065726239
-2065726192
-2065726141
-2065726094
-2065726019
-2065725972
-2065725930
-2065725882
-2065725834
-2065725786
-2065725738
-2065725690
-2065725642
-2065725594
-2065725546
-2065725498
-2065725450
-2065725409
-2065725366
-2065725342
-2065725281
-2065725254
-2065725225
-2065725198
-2065725143
-2065725089
-2065725066
-2065725018
-2065724965
-2065724942
-2065724927
-2065724837
-2065724755
-2065724697
-2065724615
-2065724557
-2065724475
-2065724370
-2065724291
-2065724240
-2065724153
-2065724070
-2065724027
-2065723938
-2065723858
-2065723811
-2065723787
-2065723734
-2065723684
-2065723678
-2065723599
-2065723516
-2065723429
-2065723346
-2065723290
-2065723202
-2065723146
-2065723058
-2065723002
-2065722914
-2065722842
-2065722754
-2065722698
-2065722610
-2065722554
-2065722466
-2065722410
-2065722357
-2065722275
-2065722217
-2065722135
-2065722077
-2065721995
-2065721905
-2065721834
-2065721746
-2065721690
-2065721645
-2065721563
-2065721473
-2065721423
-2065721324
-2065721277
-2065721202
-2065721163
-2065721120
-2065721041
-2065720998
-2065720956
-2065720883
-2065720838
-2065720822
-2065720783
-2065720708
-2065720661
-2065720618
-2065720547
-2065720504
-2065720457
-2065720414
-2065720343
-2065720304
-2065720231
-2065720186
-2065720113
-2065720076
-2065720003
-2065719958
-2065719914
-2065719826
-2065719773
-2065719704
-2065719663
-2065719586
-2065719545
-2065719476
-2065719435
-2065719390
-2065719317
-2065719252
-2065719199
-2065719110
-2065719025
-2065718976
-2065718891
-2065718802
-2065718726
-2065718643
-2065718588
-2065718497
-2065718442
-2065718359
-2065718304
-2065718218
-2065718133
-2065718052
-2065717999
-2065717910
-2065717872
-2065717793
-2065717725
-2065717644
-2065717559
-2065717502
-2065717417
-2065717336
-2065717251
-2065717225
-2065717182
-2065717111
-2065717068
-2065717021
-2065716946
-2065716907
-2065716864
-2065716785
-2065716742
-2065716683
-2065716612
-2065716569
-2065716498
-2065716452
-2065716405
-2065716362
-2065716291
-2065716248
-2065716171
-2065716084
-2065716025
-2065715938
-2065715887
-2065715800
-2065715741
-2065715679
-2065715604
-2065715557
-2065715514
-2065715431
-2065715376
-2065715285
-2065715230
-2065715184
-2065715126
-2065715100
-2065715041
-2065715024
-2065714963
-2065714939
-2065714881
-2065714855
-2065714832
-2065714779
-2065714746
-2065714717
-2065714648
-2065714616
-2065714584
-2065714550
-2065714521
-2065714465
-2065714442
-2065714414
-2065714359
-2065714321
-2065714292
-2065714268
-2065714210
-2065714184
-2065714118
-2065714051
-2065714012
-2065713937
-2065713898
-2065713831
-2065713792
-2065713717
-2065713678
-2065713641
-2065713588
-2065713568
-2065713506
-2065713488
-2065713428
-2065713385
-2065713314
-2065713279
-2065713208
-2065713165
-2065713147
-2065713057
-2065713009
-2065712931
-2065712877
-2065712799
-2065712713
-2065712625
-2065712575
-2065712485
-2065712403
-2065712345
-2065712263
-2065712205
-2065712089
-2065712011
-2065711925
-2065711847
-2065711761
-2065711719
-2065711681
-2065711654
-2065711629
-2065711611
-2065711525
-2065711447
-2065711361
-2065711283
-2065711229
-2065711151
-2065711101
-2065711067
-2065711054
-2065711014
-2065711002
-2065710971
-2065710953
-2065710916
-2065710907
-2065710896
-2065710853
-2065710845
-2065710811
-2065710775
-2065710764
-2065710731
-2065710703
-2065710662
-2065710635
-2065710569
-2065710559
-2065710540
-2065710528
-2065710511
-2065710494
-2065710477
-2065710461
-2065710446
-2065710431
-2065710410
-2065710400
-2065710356
-2065710340
-2065710332
-2065710316
-2065710214
-2065710206
-2065710193
-2065710186
-2065710172
-2065710150
-2065710140
-2065710122
-2065710107
-2065710095
-2065710060
-2065710048
-2065710004
-2065709958
-2065709876
-2065709863
-2065709849
-2065709830
-2065709822
-2065709815
-2065709802
-2065709788
-2065709749
-2065709701
-2065709660
-2065709639
-2065709622
-2065709590
-2065709560
-2065709416
-2065709378
-2065709373
-2065709340
-2065709282
-2065709268
-2065709252
-2065709245
-2065709235
-2065709225
-2065709209
-2065709193
-2065709174
-2065709157
-2065709145
-2065709139
-2065709114
-2065709094
-2065709048
-2065709015
-2065708999
-2065708979
-2065708925
-2065708708
-2065708636
-2065708498
-2065708484
-2065708467
-2065708456
-2065708438
-2065708428
-2065708410
-2065708393
-2065708378
-2065708362
-2065708345
-2065708336
-2065708232
-2065708173
-2065708085
-2065707977
-2065707880
-2065707834
-2065707773
-2065707686
-2065707626
-2065707399
-2065707190
-2065707156
-2065707027
-2065706991
-2065706980
-2065706966
-2065706939
-2065706913
-2065706867
-2065706860
-2065706824
-2065706788
-2065706784
-2065706748
-2065706712
-2065706676
-2065706669
-2065706629
-2065706618
-2065706577
-2065706566
-2065706536
-2065706512
-2065706496
-2065706476
-2065706406
-2065706341
-2065706329
-2065706319
-2065706274
-2065706263
-2065706246
-2065706213
-2065706207
-2065706182
-2065706055
-2065706037
-2065706020
-2065705995
-2065705973
-2065705939
-2065705926
-2065705920
-2065705880
-2065705866
-2065705828
-2065705818
-2065705780
-2065705766
-2065705760
-2065705714
-2065705708
-2065705693
-2065705670
-2065705659
-2065705651
-2065705643
-2065705635
-2065705621
-2065705613
-2065705605
-2065705599
-2065705547
-2065705429
-2065705398
-2065705371
-2065705340
-2065705305
-2065705273
-2065705242
-2065705210
-2065705180
-2065705147
-2065705112
-2065705079
-2065705065
-2065705030
-2065704998
-2065704963
-2065704938
-2065704884
-2065704853
-2065704826
-2065704793
-2065704762
-2065704729
-2065704698
-2065704641
-2065704609
-2065704578
-2065704557
-2065704507
-2065704449
-2065704421
-2065704386
-2065704358
-2065704329
-2065704294
-2065704267
-2065704235
-2065704199
-2065704190
-2065704154
-2065704126
-2065704065
-2065704038
-2065704009
-2065703979
-2065703948
-2065703914
-2065703885
-2065703829
-2065703808
-2065703756
-2065703725
-2065703696
-2065703658
-2065703626
-2065703588
-2065703584
-2065703545
-2065703495
-2065703463
-2065703402
-2065703375
-2065703339
-2065703290
-2065703245
-2065703172
-2065703148
-2065703115
-2065703088
-2065703028
-2065702998
-2065702973
-2065702918
-2065702871
-2065702841
-2065702810
-2065702756
-2065702732
-2065702700
-2065702663
-2065702627
-2065702617
-2065702581
-2065702551
-2065702542
-2065702486
-2065702460
-2065702423
-2065702373
-2065702323
-2065702297
-2065702247
-2065702223
-2065702167
-2065702143
-2065702087
-2065702063
-2065702007
-2065701983
-2065701927
-2065701903
-2065701874
-2065701846
-2065701818
-2065701790
-2065701730
-2065701702
-2065701674
-2065701646
-2065701586
-2065701558
-2065701532
-2065701503
-2065701469
-2065701412
-2065701383
-2065701365
-2065701329
-2065701307
-2065701251
-2065701219
-2065701209
-2065701180
-2065701137
-2065701107
-2065701102
-2065701049
-2065701020
-2065700963
-2065700934
-2065700909
-2065700843
-2065700781
-2065700695
-2065700633
-2065700547
-2065700485
-2065700431
-2065700324
-2065700280
-2065700236
-2065700192
-2065700141
-2065700087
-2065700057
-2065700031
-2065699997
-2065699967
-2065699873
-2065699819
-2065699790
-2065699739
-2065699711
-2065699649
-2065699624
-2065699593
-2065699561
-2065699511
-2065699485
-2065699435
-2065699377
-2065699359
-2065699313
-2065699259
-2065699205
-2065699157
-2065699109
-2065699058
-2065699011
-2065698963
-2065698915
-2065698894
-2065698845
-2065698814
-2065698758
-2065698707
-2065698677
-2065698654
-2065698597
-2065698574
-2065698518
-2065698494
-2065698439
-2065698415
-2065698353
-2065698329
-2065698299
-2065698216
-2065698166
-2065698141
-2065698082
-2065698057
-2065698022
-2065697992
-2065697959
-2065697931
-2065697904
-2065697847
-2065697820
-2065697791
-2065697715
-2065697671
-2065697627
-2065697580
-2065697536
-2065697460
-2065697416
-2065697372
-2065697328
-2065697252
-2065697218
-2065697189
-2065697161
-2065697126
-2065697096
-2065697063
-2065697019
-2065696975
-2065696899
-2065696855
-2065696811
-2065696761
-2065696678
-2065696599
-2065696516
-2065696461
-2065696378
-2065696336
-2065696272
-2065696254
-2065696200
-2065696169
-2065696141
-2065696086
-2065696062
-2065696025
-2065695989
-2065695954
-2065695875
-2065695824
-2065695689
-2065695606
-2065695527
-2065695444
-2065695389
-2065695306
-2065695184
-2065695120
-2065695056
-2065694992
-2065694928
-2065694864
-2065694800
-2065694752
